Employee ID,Base Salary,Bonus,Total Compensation,Pay Band
E1000,139642,7535,147177,E
E1001,114541,5423,119964,D
E1002,83748,9189,92937,C
E1003,81736,7822,89558,C
E1004,56712,9381,66093,A
E1005,60081,10944,71025,B
E1006,83924,9134,93058,C
E1007,76328,13654,89982,B
E1008,59820,6162,65982,A
E1009,49295,11722,61017,A
E1010,77627,17584,95211,B
E1011,121079,7639,128718,E
E1012,48078,12436,60514,A
E1013,57462,13150,70612,A
E1014,105743,16604,122347,D
E1015,53545,17785,71330,A
E1016,48383,9294,57677,A
E1017,93133,19055,112188,C
E1018,48899,9249,58148,A
E1019,110360,18279,128639,D
E1020,90356,19888,110244,C
E1021,50264,9341,59605,A
E1022,88663,9084,97747,C
E1023,134491,19048,153539,E
E1024,110350,19858,130208,D
E1025,146560,15726,162286,E
E1026,109232,9982,119214,D
E1027,138180,16025,154205,E
E1028,67632,16279,83911,B
E1029,101587,8290,109877,D
E1030,68597,15689,84286,B
E1031,120617,11776,132393,E
E1032,117224,13630,130854,D
E1033,123007,11276,134283,E
E1034,73120,11430,84550,B
E1035,97578,10231,107809,C
E1036,60183,9963,70146,B
E1037,119058,6755,125813,D
E1038,91496,10509,102005,C
E1039,77845,12892,90737,B
E1040,69926,16421,86347,B
E1041,143969,14185,158154,E
E1042,90609,10223,100832,C
E1043,95630,16184,111814,C
E1044,110615,7524,118139,D
E1045,141301,6949,148250,E
E1046,107211,14771,121982,D
E1047,69038,7336,76374,B
E1048,106958,16770,123728,D
E1049,140178,9952,150130,E
E1050,128682,11507,140189,E
E1051,74191,19542,93733,B
E1052,119360,11116,130476,D
E1053,78637,15235,93872,B
E1054,109100,11663,120763,D
E1055,117708,8649,126357,D
E1056,97653,5338,102991,C
E1057,62472,8866,71338,B
E1058,88918,13823,102741,C
E1059,107512,10828,118340,D
E1060,90162,9018,99180,C
E1061,127483,8816,136299,E
E1062,100469,19436,119905,D
E1063,117112,9338,126450,D
E1064,124290,6754,131044,E
E1065,139706,13000,152706,E
E1066,90279,7195,97474,C
E1067,132640,19137,151777,E
E1068,45647,15577,61224,A
E1069,51678,17194,68872,A
E1070,92515,7032,99547,C
E1071,57429,7200,64629,A
E1072,49506,15445,64951,A
E1073,121394,5365,126759,E
E1074,101743,8762,110505,D
E1075,48206,11183,59389,A
E1076,106307,19578,125885,D
E1077,92998,16411,109409,C
E1078,83642,8721,92363,C
E1079,112614,7477,120091,D
E1080,118849,11122,129971,D
E1081,111072,14324,125396,D
E1082,52982,16715,69697,A
E1083,76270,14112,90382,B
E1084,118057,8924,126981,D
E1085,80735,7661,88396,C
E1086,50362,15158,65520,A
E1087,57298,14293,71591,A
E1088,56309,9334,65643,A
E1089,91413,13687,105100,C
E1090,61867,16798,78665,B
E1091,145501,15583,161084,E
E1092,103868,12826,116694,D
E1093,113610,18449,132059,D
E1094,132852,7501,140353,E
E1095,63817,15504,79321,B
E1096,118595,11796,130391,D
E1097,61891,6486,68377,B
E1098,47496,13446,60942,A
E1099,70882,16221,87103,B
E1100,144807,9924,154731,E
E1101,98385,14537,112922,C
E1102,70506,11506,82012,B
E1103,53306,14409,67715,A
E1104,105367,7979,113346,D
E1105,46798,18586,65384,A
E1106,81592,17933,99525,C
E1107,95311,10484,105795,C
E1108,136029,10352,146381,E
E1109,94425,5555,99980,C
E1110,68536,10646,79182,B
E1111,109856,10626,120482,D
E1112,112351,11399,123750,D
E1113,105505,19070,124575,D
E1114,82838,10860,93698,C
E1115,56344,13219,69563,A
E1116,85382,15906,101288,C
E1117,56304,9187,65491,A
E1118,105799,17993,123792,D
E1119,85712,11048,96760,C
E1120,139252,15254,154506,E
E1121,130333,19661,149994,E
E1122,96008,19628,115636,C
E1123,59587,14363,73950,A
E1124,101497,16957,118454,D
E1125,73012,10764,83776,B
E1126,76781,8657,85438,B
E1127,147661,18919,166580,E
E1128,49853,18144,67997,A
E1129,111714,11939,123653,D
E1130,57848,19907,77755,A
E1131,85910,19328,105238,C
E1132,98949,14336,113285,C
E1133,101914,11269,113183,D
E1134,118817,16991,135808,D
E1135,64284,15768,80052,B
E1136,95934,10634,106568,C
E1137,143700,13201,156901,E
E1138,113506,16843,130349,D
E1139,104019,10065,114084,D
E1140,137651,14712,152363,E
E1141,126542,5585,132127,E
E1142,119281,15093,134374,D
E1143,92199,8667,100866,C
E1144,116913,19755,136668,D
E1145,49102,7413,56515,A
E1146,73563,14319,87882,B
E1147,53400,10404,63804,A
E1148,130462,8873,139335,E
E1149,99390,19749,119139,C
E1150,142997,8637,151634,E
E1151,77904,14025,91929,B
E1152,61076,14207,75283,B
E1153,66211,5333,71544,B
E1154,64379,9569,73948,B
E1155,140975,5550,146525,E
E1156,146851,8498,155349,E
E1157,89810,17668,107478,C
E1158,61345,11911,73256,B
E1159,127001,10252,137253,E
E1160,57515,5780,63295,A
E1161,41484,6935,48419,A
E1162,149060,15058,164118,E
E1163,83148,12806,95954,C
E1164,138960,17110,156070,E
E1165,100970,13219,114189,D
E1166,63657,16430,80087,B
E1167,53160,5276,58436,A
E1168,61500,5013,66513,B
E1169,50360,16279,66639,A
E1170,72074,8423,80497,B
E1171,76259,17411,93670,B
E1172,77802,14919,92721,B
E1173,148351,12476,160827,E
E1174,112838,10004,122842,D
E1175,83247,8673,91920,C
E1176,69024,15909,84933,B
E1177,80891,18902,99793,C
E1178,92615,14898,107513,C
E1179,145544,16827,162371,E
E1180,95783,12818,108601,C
E1181,139993,6328,146321,E
E1182,142626,11992,154618,E
E1183,65978,13108,79086,B
E1184,85872,11072,96944,C
E1185,75775,13759,89534,B
E1186,46270,10765,57035,A
E1187,94242,11533,105775,C
E1188,122832,13679,136511,E
E1189,99380,17941,117321,C
E1190,68318,9466,77784,B
E1191,108339,11617,119956,D
E1192,61716,7608,69324,B
E1193,134428,5799,140227,E
E1194,48693,5069,53762,A
E1195,45257,13434,58691,A
E1196,45347,5966,51313,A
E1197,108393,15746,124139,D
E1198,108948,6058,115006,D
E1199,146462,5539,152001,E
E1200,121640,10479,132119,E
E1201,78701,14948,93649,B
E1202,82096,14487,96583,C
E1203,93518,5663,99181,C
E1204,76273,10297,86570,B
E1205,52969,8849,61818,A
E1206,120124,6710,126834,E
E1207,50226,11337,61563,A
E1208,119663,5810,125473,D
E1209,120134,10300,130434,E
E1210,51909,6112,58021,A
E1211,138321,7817,146138,E
E1212,98880,7520,106400,C
E1213,128935,9998,138933,E
E1214,56548,9729,66277,A
E1215,40077,12423,52500,A
E1216,86750,7856,94606,C
E1217,53516,11988,65504,A
E1218,43430,16815,60245,A
E1219,86082,11951,98033,C
E1220,41230,18589,59819,A
E1221,111209,13407,124616,D
E1222,109219,19306,128525,D
E1223,84757,9148,93905,C
E1224,134884,10520,145404,E
E1225,41106,5531,46637,A
E1226,105624,14143,119767,D
E1227,91268,6637,97905,C
E1228,82165,8121,90286,C
E1229,40438,6331,46769,A
E1230,118428,11965,130393,D
E1231,109464,8086,117550,D
E1232,47454,9410,56864,A
E1233,84534,16676,101210,C
E1234,66856,11792,78648,B
E1235,110265,14564,124829,D
E1236,118822,10458,129280,D
E1237,72293,5345,77638,B
E1238,103570,6467,110037,D
E1239,83575,8543,92118,C
E1240,90650,8508,99158,C
E1241,65097,8172,73269,B
E1242,66817,16229,83046,B
E1243,110537,19761,130298,D
E1244,68317,16322,84639,B
E1245,48736,6506,55242,A
E1246,59652,6730,66382,A
E1247,110951,12155,123106,D
E1248,100674,6302,106976,D
E1249,120473,5056,125529,E
E1250,41529,7310,48839,A
E1251,147956,5735,153691,E
E1252,49016,8344,57360,A
E1253,69119,6356,75475,B
E1254,136520,19214,155734,E
E1255,130124,6760,136884,E
E1256,69947,14295,84242,B
E1257,102927,15240,118167,D
E1258,110956,17104,128060,D
E1259,66485,11918,78403,B
E1260,70997,18380,89377,B
E1261,49647,18782,68429,A
E1262,79761,9105,88866,B
E1263,85171,11849,97020,C
E1264,107357,18921,126278,D
E1265,112111,18539,130650,D
E1266,45235,18214,63449,A
E1267,54183,18275,72458,A
E1268,95799,18247,114046,C
E1269,56293,11339,67632,A
E1270,83676,10761,94437,C
E1271,143141,14639,157780,E
E1272,48010,14541,62551,A
E1273,89970,5391,95361,C
E1274,74150,7191,81341,B
E1275,46424,11538,57962,A
E1276,91581,13611,105192,C
E1277,59591,9508,69099,A
E1278,86900,16793,103693,C
E1279,117791,17393,135184,D
E1280,95326,19288,114614,C
E1281,87910,18500,106410,C
E1282,72167,16711,88878,B
E1283,85384,19768,105152,C
E1284,48255,16594,64849,A
E1285,95781,7536,103317,C
E1286,105519,7180,112699,D
E1287,103542,11814,115356,D
E1288,138057,6816,144873,E
E1289,53653,7402,61055,A
E1290,111850,7420,119270,D
E1291,98208,13692,111900,C
E1292,117568,13637,131205,D
E1293,87802,6539,94341,C
E1294,51245,17135,68380,A
E1295,108835,12045,120880,D
E1296,55573,7294,62867,A
E1297,126199,15704,141903,E
E1298,77997,17190,95187,B
E1299,142708,8716,151424,E
E1300,138252,13941,152193,E
E1301,147164,16086,163250,E
E1302,84081,18342,102423,C
E1303,91058,12131,103189,C
E1304,93252,8697,101949,C
E1305,55042,6847,61889,A
E1306,50286,10561,60847,A
E1307,46936,14271,61207,A
E1308,111371,8965,120336,D
E1309,125838,12759,138597,E
E1310,56421,12557,68978,A
E1311,84112,5327,89439,C
E1312,42643,17566,60209,A
E1313,141114,11050,152164,E
E1314,53513,16623,70136,A
E1315,74405,11545,85950,B
E1316,127074,13988,141062,E
E1317,149808,6927,156735,E
E1318,97052,7662,104714,C
E1319,100606,7385,107991,D
E1320,99550,9439,108989,C
E1321,138900,16146,155046,E
E1322,66645,7282,73927,B
E1323,147720,8888,156608,E
E1324,41961,18538,60499,A
E1325,70803,19350,90153,B
E1326,49482,16899,66381,A
E1327,148953,11461,160414,E
E1328,111512,16001,127513,D
E1329,51462,11614,63076,A
E1330,127638,13089,140727,E
E1331,52379,17189,69568,A
E1332,115869,12028,127897,D
E1333,85006,18202,103208,C
E1334,49198,10516,59714,A
E1335,125855,9704,135559,E
E1336,100957,5430,106387,D
E1337,70554,7073,77627,B
E1338,107740,9449,117189,D
E1339,67456,11829,79285,B
E1340,108262,15003,123265,D
E1341,141315,12817,154132,E
E1342,97281,16818,114099,C
E1343,70316,14491,84807,B
E1344,116243,6570,122813,D
E1345,79139,14755,93894,B
E1346,44123,7609,51732,A
E1347,137649,8650,146299,E
E1348,90886,14592,105478,C
E1349,117034,16266,133300,D
E1350,136687,12993,149680,E
E1351,101646,15091,116737,D
E1352,59401,6320,65721,A
E1353,124761,8935,133696,E
E1354,142598,14157,156755,E
E1355,53078,16121,69199,A
E1356,87843,17608,105451,C
E1357,104447,19100,123547,D
E1358,104988,6729,111717,D
E1359,123288,5747,129035,E
E1360,131806,14297,146103,E
E1361,83572,11383,94955,C
E1362,64326,9301,73627,B
E1363,116034,6490,122524,D
E1364,125675,9680,135355,E
E1365,95673,18375,114048,C
E1366,56601,11162,67763,A
E1367,124922,17078,142000,E
E1368,140659,9059,149718,E
E1369,97868,8370,106238,C
E1370,141075,11759,152834,E
E1371,68655,15661,84316,B
E1372,74853,5001,79854,B
E1373,72869,15273,88142,B
E1374,135400,5099,140499,E
E1375,108774,5701,114475,D
E1376,112634,6254,118888,D
E1377,42829,16037,58866,A
E1378,102931,8978,111909,D
E1379,96312,12880,109192,C
E1380,46179,7308,53487,A
E1381,53072,18534,71606,A
E1382,96700,13774,110474,C
E1383,96020,15451,111471,C
E1384,105198,17675,122873,D
E1385,68200,13041,81241,B
E1386,49836,14719,64555,A
E1387,54221,18623,72844,A
E1388,65681,17119,82800,B
E1389,113596,6661,120257,D
E1390,75189,12631,87820,B
E1391,68609,13228,81837,B
E1392,58550,10740,69290,A
E1393,60957,10384,71341,B
E1394,61600,5448,67048,B
E1395,107411,18920,126331,D
E1396,64913,5469,70382,B
E1397,90899,18054,108953,C
E1398,117509,15611,133120,D
E1399,83284,13718,97002,C
E1400,130673,9937,140610,E
E1401,135305,9874,145179,E
E1402,81598,5270,86868,C
E1403,52214,16966,69180,A
E1404,139391,14664,154055,E
E1405,80726,6358,87084,C
E1406,134602,15707,150309,E
E1407,53005,6472,59477,A
E1408,97164,14003,111167,C
E1409,100686,14539,115225,D
E1410,145204,6821,152025,E
E1411,50443,13469,63912,A
E1412,50826,6425,57251,A
E1413,103650,8742,112392,D
E1414,83679,14147,97826,C
E1415,133803,18922,152725,E
E1416,88746,17611,106357,C
E1417,110341,19058,129399,D
E1418,113141,17914,131055,D
E1419,70047,13563,83610,B
E1420,116804,13922,130726,D
E1421,46199,9455,55654,A
E1422,115063,7748,122811,D
E1423,86936,5981,92917,C
E1424,93616,10719,104335,C
E1425,107800,16592,124392,D
E1426,95637,12315,107952,C
E1427,95380,6403,101783,C
E1428,52479,14950,67429,A
E1429,58986,13395,72381,A
E1430,47045,10288,57333,A
E1431,64479,17727,82206,B
E1432,79261,11565,90826,B
E1433,85565,10272,95837,C
E1434,104594,5230,109824,D
E1435,53933,14718,68651,A
E1436,69392,6543,75935,B
E1437,62006,12039,74045,B
E1438,109634,9422,119056,D
E1439,66839,11208,78047,B
E1440,41161,8708,49869,A
E1441,111363,17058,128421,D
E1442,142326,14659,156985,E
E1443,100707,9591,110298,D
E1444,149316,8113,157429,E
E1445,142494,17707,160201,E
E1446,50044,14858,64902,A
E1447,88737,9404,98141,C
E1448,79080,18128,97208,B
E1449,76734,14519,91253,B
E1450,83661,7969,91630,C
E1451,131930,18060,149990,E
E1452,50217,9431,59648,A
E1453,134366,8460,142826,E
E1454,67528,16629,84157,B
E1455,68588,10231,78819,B
E1456,136775,17102,153877,E
E1457,40303,9592,49895,A
E1458,52435,19401,71836,A
E1459,104235,8956,113191,D
E1460,50287,8756,59043,A
E1461,89949,10387,100336,C
E1462,142604,7061,149665,E
E1463,99103,16166,115269,C
E1464,111635,5405,117040,D
E1465,138667,7996,146663,E
E1466,146278,5815,152093,E
E1467,122506,6495,129001,E
E1468,40938,14348,55286,A
E1469,51295,19492,70787,A
E1470,119405,19342,138747,D
E1471,62037,15387,77424,B
E1472,61800,9437,71237,B
E1473,50731,14632,65363,A
E1474,73034,16874,89908,B
E1475,56630,11671,68301,A
E1476,96172,12710,108882,C
E1477,51492,19569,71061,A
E1478,119787,9027,128814,D
E1479,40019,5246,45265,A
E1480,107516,16708,124224,D
E1481,118368,5112,123480,D
E1482,46916,10977,57893,A
E1483,47994,19606,67600,A
E1484,47881,11515,59396,A
E1485,93540,10035,103575,C
E1486,87099,5835,92934,C
E1487,144213,7176,151389,E
E1488,83291,19918,103209,C
E1489,111956,6326,118282,D
E1490,101084,13328,114412,D
E1491,58811,6159,64970,A
E1492,111524,12844,124368,D
E1493,148889,15689,164578,E
E1494,111229,5643,116872,D
E1495,131055,10043,141098,E
E1496,55259,14790,70049,A
E1497,86667,15135,101802,C
E1498,94382,5983,100365,C
E1499,149707,7410,157117,E
E1500,69430,10804,80234,B
E1501,50602,15056,65658,A
E1502,58792,17619,76411,A
E1503,91363,19713,111076,C
E1504,128590,10345,138935,E
E1505,89032,18825,107857,C
E1506,97394,11899,109293,C
E1507,149500,7822,157322,E
E1508,101397,13970,115367,D
E1509,124795,11921,136716,E
E1510,113435,10116,123551,D
E1511,70978,10562,81540,B
E1512,71343,15590,86933,B
E1513,141640,6822,148462,E
E1514,43185,18866,62051,A
E1515,120102,11138,131240,E
E1516,142270,14906,157176,E
E1517,109860,18049,127909,D
E1518,110531,19774,130305,D
E1519,100119,12982,113101,D
E1520,46848,18343,65191,A
E1521,104430,16426,120856,D
E1522,136671,10419,147090,E
E1523,88927,11607,100534,C
E1524,59861,13002,72863,A
E1525,114479,5184,119663,D
E1526,146136,14840,160976,E
E1527,129434,19084,148518,E
E1528,131085,5617,136702,E
E1529,50824,5800,56624,A
E1530,148904,15677,164581,E
E1531,90409,12256,102665,C
E1532,72450,16969,89419,B
E1533,90110,17945,108055,C
E1534,115044,9605,124649,D
E1535,86675,8719,95394,C
E1536,126050,7913,133963,E
E1537,122956,6494,129450,E
E1538,140531,11523,152054,E
E1539,52690,5691,58381,A
E1540,63617,15293,78910,B
E1541,65228,6100,71328,B
E1542,51418,6714,58132,A
E1543,58314,18103,76417,A
E1544,131806,15587,147393,E
E1545,50064,8587,58651,A
E1546,89302,8758,98060,C
E1547,87731,12357,100088,C
E1548,94339,6653,100992,C
E1549,42086,14202,56288,A
E1550,142101,7175,149276,E
E1551,98257,10748,109005,C
E1552,91484,15759,107243,C
E1553,69852,10905,80757,B
E1554,82732,11672,94404,C
E1555,55152,12540,67692,A
E1556,42101,14909,57010,A
E1557,118901,5826,124727,D
E1558,55369,16420,71789,A
E1559,106450,9165,115615,D
E1560,121300,13134,134434,E
E1561,104377,8196,112573,D
E1562,136367,10176,146543,E
E1563,59917,11269,71186,A
E1564,51700,8708,60408,A
E1565,72349,5244,77593,B
E1566,120923,19348,140271,E
E1567,61262,10327,71589,B
E1568,119393,15159,134552,D
E1569,61195,11341,72536,B
E1570,89363,15975,105338,C
E1571,113370,8603,121973,D
E1572,47504,13464,60968,A
E1573,114987,7859,122846,D
E1574,64859,15090,79949,B
E1575,118086,14843,132929,D
E1576,60669,19579,80248,B
E1577,98342,11345,109687,C
E1578,48328,5295,53623,A
E1579,96316,18131,114447,C
E1580,80887,19533,100420,C
E1581,117241,14661,131902,D
E1582,68401,17442,85843,B
E1583,48658,14799,63457,A
E1584,55673,17472,73145,A
E1585,119867,6639,126506,D
E1586,87478,11061,98539,C
E1587,97904,14383,112287,C
E1588,82928,13202,96130,C
E1589,109802,10684,120486,D
E1590,94760,16990,111750,C
E1591,119943,11278,131221,D
E1592,100285,6770,107055,D
E1593,104098,6660,110758,D
E1594,67882,5345,73227,B
E1595,81097,18494,99591,C
E1596,84913,12000,96913,C
E1597,80953,5251,86204,C
E1598,100282,16773,117055,D
E1599,101564,11741,113305,D
E1600,132456,14942,147398,E
E1601,56335,16237,72572,A
E1602,42361,16581,58942,A
E1603,139395,15501,154896,E
E1604,42531,9869,52400,A
E1605,74078,5234,79312,B
E1606,108532,16258,124790,D
E1607,63909,11378,75287,B
E1608,82224,8944,91168,C
E1609,90504,6907,97411,C
E1610,40589,15001,55590,A
E1611,55880,12237,68117,A
E1612,117673,13404,131077,D
E1613,59952,19419,79371,A
E1614,96399,15000,111399,C
E1615,104161,10603,114764,D
E1616,51037,14555,65592,A
E1617,129124,11695,140819,E
E1618,82837,6522,89359,C
E1619,87607,9938,97545,C
E1620,145386,16045,161431,E
E1621,133021,13684,146705,E
E1622,102011,9478,111489,D
E1623,146279,5214,151493,E
E1624,97916,11627,109543,C
E1625,43094,19406,62500,A
E1626,40243,19339,59582,A
E1627,44067,6238,50305,A
E1628,92308,15559,107867,C
E1629,87058,13543,100601,C
E1630,101876,19652,121528,D
E1631,48684,12853,61537,A
E1632,116774,9177,125951,D
E1633,89218,18679,107897,C
E1634,68633,10788,79421,B
E1635,103371,7746,111117,D
E1636,90322,16959,107281,C
E1637,107110,5644,112754,D
E1638,53053,16666,69719,A
E1639,127708,5531,133239,E
E1640,138352,7945,146297,E
E1641,94876,5876,100752,C
E1642,56242,8187,64429,A
E1643,46317,15215,61532,A
E1644,136943,16833,153776,E
E1645,123967,12518,136485,E
E1646,148760,16178,164938,E
E1647,108978,17355,126333,D
E1648,82488,8671,91159,C
E1649,54146,15532,69678,A
E1650,139280,13891,153171,E
E1651,51191,16787,67978,A
E1652,85382,6892,92274,C
E1653,127749,14160,141909,E
E1654,86248,19045,105293,C
E1655,147696,15711,163407,E
E1656,75274,16842,92116,B
E1657,147159,8344,155503,E
E1658,64667,7974,72641,B
E1659,41895,7242,49137,A
E1660,108726,15093,123819,D
E1661,78502,10312,88814,B
E1662,141115,17913,159028,E
E1663,103200,17485,120685,D
E1664,50157,8926,59083,A
E1665,72072,6571,78643,B
E1666,103725,9472,113197,D
E1667,41455,6413,47868,A
E1668,98928,18203,117131,C
E1669,115708,5403,121111,D
E1670,73966,11342,85308,B
E1671,103407,17454,120861,D
E1672,109877,5298,115175,D
E1673,115180,17926,133106,D
E1674,61818,13453,75271,B
E1675,106163,6986,113149,D
E1676,67318,17473,84791,B
E1677,70697,18747,89444,B
E1678,45508,18595,64103,A
E1679,123930,16058,139988,E
E1680,107124,14657,121781,D
E1681,47245,7586,54831,A
E1682,110681,18841,129522,D
E1683,70883,5527,76410,B
E1684,121257,17049,138306,E
E1685,75965,12458,88423,B
E1686,70433,9817,80250,B
E1687,141454,12900,154354,E
E1688,50859,19124,69983,A
E1689,76962,19921,96883,B
E1690,56340,6050,62390,A
E1691,69164,14037,83201,B
E1692,101981,14604,116585,D
E1693,66342,16111,82453,B
E1694,52082,8865,60947,A
E1695,94214,18941,113155,C
E1696,76670,15901,92571,B
E1697,79206,10045,89251,B
E1698,81775,19557,101332,C
E1699,97845,8319,106164,C
E1700,69284,18981,88265,B
E1701,102138,15235,117373,D
E1702,83213,10549,93762,C
E1703,127139,9489,136628,E
E1704,146683,12633,159316,E
E1705,41866,15490,57356,A
E1706,65865,11727,77592,B
E1707,100716,7466,108182,D
E1708,41741,5920,47661,A
E1709,92724,10210,102934,C
E1710,48947,19758,68705,A
E1711,52316,16538,68854,A
E1712,62190,16975,79165,B
E1713,59492,8458,67950,A
E1714,95331,6077,101408,C
E1715,123727,12727,136454,E
E1716,90862,11448,102310,C
E1717,90714,8862,99576,C
E1718,125716,14784,140500,E
E1719,66749,13658,80407,B
E1720,54024,17702,71726,A
E1721,149622,12717,162339,E
E1722,52616,14927,67543,A
E1723,102055,6570,108625,D
E1724,68559,7161,75720,B
E1725,54799,15603,70402,A
E1726,98197,7059,105256,C
E1727,48841,19784,68625,A
E1728,107223,16490,123713,D
E1729,120359,15090,135449,E
E1730,65501,8676,74177,B
E1731,59404,11356,70760,A
E1732,54566,18053,72619,A
E1733,75159,11262,86421,B
E1734,108527,5123,113650,D
E1735,116622,15944,132566,D
E1736,87730,10839,98569,C
E1737,131063,6322,137385,E
E1738,99422,10473,109895,C
E1739,144553,13649,158202,E
E1740,74832,15944,90776,B
E1741,73223,10427,83650,B
E1742,83475,16918,100393,C
E1743,97063,12384,109447,C
E1744,140517,16692,157209,E
E1745,88435,12904,101339,C
E1746,119703,12691,132394,D
E1747,79085,8955,88040,B
E1748,42003,15570,57573,A
E1749,119421,14468,133889,D
E1750,75831,5948,81779,B
E1751,148099,8779,156878,E
E1752,79836,7296,87132,B
E1753,108465,8807,117272,D
E1754,50726,11228,61954,A
E1755,52672,18123,70795,A
E1756,106676,6641,113317,D
E1757,61679,17075,78754,B
E1758,144562,16067,160629,E
E1759,101219,11900,113119,D
E1760,84234,9568,93802,C
E1761,113355,11994,125349,D
E1762,46950,15257,62207,A
E1763,41191,16341,57532,A
E1764,90795,16921,107716,C
E1765,98424,8469,106893,C
E1766,88846,15300,104146,C
E1767,92540,8500,101040,C
E1768,121068,13252,134320,E
E1769,113474,11655,125129,D
E1770,61538,6687,68225,B
E1771,84311,11517,95828,C
E1772,114217,7731,121948,D
E1773,42585,13554,56139,A
E1774,98369,15807,114176,C
E1775,104210,12956,117166,D
E1776,134209,6850,141059,E
E1777,44869,6209,51078,A
E1778,79151,17422,96573,B
E1779,132216,10293,142509,E
E1780,68915,10363,79278,B
E1781,108562,6297,114859,D
E1782,92731,7791,100522,C
E1783,118205,7083,125288,D
E1784,90922,9512,100434,C
E1785,61959,10947,72906,B
E1786,80488,7533,88021,C
E1787,75201,15123,90324,B
E1788,127511,12943,140454,E
E1789,108642,13211,121853,D
E1790,59670,18180,77850,A
E1791,101001,5188,106189,D
E1792,81468,15782,97250,C
E1793,60189,9868,70057,B
E1794,43712,6095,49807,A
E1795,129658,10895,140553,E
E1796,72448,6327,78775,B
E1797,67888,5588,73476,B
E1798,144011,12667,156678,E
E1799,53343,10248,63591,A
E1800,66949,5334,72283,B
E1801,109836,17060,126896,D
E1802,111935,5898,117833,D
E1803,102263,8856,111119,D
E1804,76353,16274,92627,B
E1805,111758,5338,117096,D
E1806,127738,11706,139444,E
E1807,68083,8811,76894,B
E1808,95741,18916,114657,C
E1809,40089,15837,55926,A
E1810,74146,6710,80856,B
E1811,112802,7925,120727,D
E1812,104389,19522,123911,D
E1813,60704,5406,66110,B
E1814,72378,13935,86313,B
E1815,87723,9412,97135,C
E1816,43617,16381,59998,A
E1817,97866,11921,109787,C
E1818,99800,14944,114744,C
E1819,115674,16501,132175,D
E1820,85968,11354,97322,C
E1821,45189,13307,58496,A
E1822,148198,5163,153361,E
E1823,41948,17580,59528,A
E1824,74934,15466,90400,B
E1825,141299,9473,150772,E
E1826,102445,8121,110566,D
E1827,45125,8449,53574,A
E1828,90865,17862,108727,C
E1829,71348,13503,84851,B
E1830,100877,13360,114237,D
E1831,93570,18514,112084,C
E1832,60476,14684,75160,B
E1833,41294,18113,59407,A
E1834,102860,14796,117656,D
E1835,77724,12642,90366,B
E1836,103032,10682,113714,D
E1837,76413,11151,87564,B
E1838,54402,10744,65146,A
E1839,78175,5020,83195,B
E1840,42048,5913,47961,A
E1841,148095,7249,155344,E
E1842,71933,9481,81414,B
E1843,85491,19157,104648,C
E1844,44148,9493,53641,A
E1845,91974,7838,99812,C
E1846,142673,18266,160939,E
E1847,91245,7834,99079,C
E1848,67584,19112,86696,B
E1849,62999,17457,80456,B
E1850,63656,7287,70943,B
E1851,55893,11640,67533,A
E1852,116340,5654,121994,D
E1853,48958,15677,64635,A
E1854,75597,18196,93793,B
E1855,95036,6076,101112,C
E1856,89785,11894,101679,C
E1857,46005,14473,60478,A
E1858,51640,13877,65517,A
E1859,111090,8618,119708,D
E1860,123669,5101,128770,E
E1861,81330,7555,88885,C
E1862,92956,11574,104530,C
E1863,56059,7897,63956,A
E1864,103496,5954,109450,D
E1865,75986,15269,91255,B
E1866,116926,11138,128064,D
E1867,73902,7920,81822,B
E1868,93633,16132,109765,C
E1869,76622,11147,87769,B
E1870,82476,15339,97815,C
E1871,40515,10170,50685,A
E1872,46362,7788,54150,A
E1873,108266,12713,120979,D
E1874,45535,15408,60943,A
E1875,130688,19971,150659,E
E1876,67725,5558,73283,B
E1877,83992,13808,97800,C
E1878,58165,15119,73284,A
E1879,64612,5338,69950,B
E1880,111154,14862,126016,D
E1881,51733,19272,71005,A
E1882,45298,15214,60512,A
E1883,75523,12343,87866,B
E1884,137529,10752,148281,E
E1885,126548,15032,141580,E
E1886,41807,15289,57096,A
E1887,118115,8907,127022,D
E1888,73179,10938,84117,B
E1889,86003,15988,101991,C
E1890,88113,11328,99441,C
E1891,111459,8326,119785,D
E1892,58823,10927,69750,A
E1893,78119,7276,85395,B
E1894,79155,14105,93260,B
E1895,116850,19626,136476,D
E1896,134223,11958,146181,E
E1897,73983,9732,83715,B
E1898,88019,16637,104656,C
E1899,141483,10016,151499,E
E1900,119452,5416,124868,D
E1901,96496,17868,114364,C
E1902,146302,18752,165054,E
E1903,56954,18866,75820,A
E1904,72987,7251,80238,B
E1905,111140,7364,118504,D
E1906,147720,14838,162558,E
E1907,90503,11413,101916,C
E1908,86509,12188,98697,C
E1909,66883,19172,86055,B
E1910,66059,6317,72376,B
E1911,111890,15904,127794,D
E1912,78778,13851,92629,B
E1913,93661,13640,107301,C
E1914,115184,13720,128904,D
E1915,56546,18617,75163,A
E1916,108280,14078,122358,D
E1917,105112,13079,118191,D
E1918,82649,14631,97280,C
E1919,113415,10853,124268,D
E1920,74803,5655,80458,B
E1921,107842,8121,115963,D
E1922,49766,6605,56371,A
E1923,132357,9543,141900,E
E1924,63078,7820,70898,B
E1925,45202,16297,61499,A
E1926,93667,17897,111564,C
E1927,79588,5188,84776,B
E1928,114317,11696,126013,D
E1929,136269,18744,155013,E
E1930,54814,5644,60458,A
E1931,118833,5734,124567,D
E1932,85982,7189,93171,C
E1933,117850,17123,134973,D
E1934,143404,14827,158231,E
E1935,53214,16413,69627,A
E1936,70133,19875,90008,B
E1937,77476,17887,95363,B
E1938,40164,9490,49654,A
E1939,57955,17419,75374,A
E1940,54189,8373,62562,A
E1941,90925,10244,101169,C
E1942,110242,19648,129890,D
E1943,44146,14009,58155,A
E1944,66375,17660,84035,B
E1945,61177,7386,68563,B
E1946,122908,16545,139453,E
E1947,138480,14634,153114,E
E1948,110042,15633,125675,D
E1949,127519,6496,134015,E
E1950,89237,17942,107179,C
E1951,86358,6658,93016,C
E1952,75547,11137,86684,B
E1953,94182,18896,113078,C
E1954,131985,16727,148712,E
E1955,55176,5602,60778,A
E1956,97752,17719,115471,C
E1957,101860,18572,120432,D
E1958,102239,16485,118724,D
E1959,90221,15723,105944,C
E1960,56121,9420,65541,A
E1961,64515,5150,69665,B
E1962,149888,10121,160009,E
E1963,63978,11453,75431,B
E1964,98716,19505,118221,C
E1965,106436,5262,111698,D
E1966,66783,16826,83609,B
E1967,136250,19865,156115,E
E1968,131631,11268,142899,E
E1969,67187,15277,82464,B
E1970,89387,5724,95111,C
E1971,147389,6345,153734,E
E1972,42564,9610,52174,A
E1973,55818,13827,69645,A
E1974,93817,16861,110678,C
E1975,74136,19399,93535,B
E1976,75738,17258,92996,B
E1977,90599,12321,102920,C
E1978,125898,10398,136296,E
E1979,70355,17176,87531,B
E1980,72565,5257,77822,B
E1981,110744,5634,116378,D
E1982,123305,8277,131582,E
E1983,74921,8275,83196,B
E1984,90314,7074,97388,C
E1985,149345,12350,161695,E
E1986,130774,14479,145253,E
E1987,98974,12169,111143,C
E1988,103746,15635,119381,D
E1989,72740,6950,79690,B
E1990,65477,12546,78023,B
E1991,115262,9357,124619,D
E1992,116378,11790,128168,D
E1993,58721,17646,76367,A
E1994,82749,11277,94026,C
E1995,101282,14312,115594,D
E1996,134623,11745,146368,E
E1997,107649,18916,126565,D
E1998,72175,17635,89810,B
E1999,51637,13160,64797,A
E2000,70609,16900,87509,B
E2001,122840,9944,132784,E
E2002,111081,18602,129683,D
E2003,124532,10904,135436,E
E2004,113610,19604,133214,D
E2005,114406,5215,119621,D
E2006,40797,19001,59798,A
E2007,55163,6344,61507,A
E2008,100079,16600,116679,D
E2009,63437,18854,82291,B
E2010,70769,5820,76589,B
E2011,116458,6928,123386,D
E2012,67385,19768,87153,B
E2013,93388,16936,110324,C
E2014,124415,15871,140286,E
E2015,59585,9525,69110,A
E2016,41714,19521,61235,A
E2017,60855,8927,69782,B
E2018,121157,16483,137640,E
E2019,141244,5405,146649,E
E2020,143915,14489,158404,E
E2021,86075,13743,99818,C
E2022,144505,17192,161697,E
E2023,149083,9911,158994,E
E2024,65154,16499,81653,B
E2025,48264,8336,56600,A
E2026,145491,11943,157434,E
E2027,88631,13643,102274,C
E2028,46928,10117,57045,A
E2029,52695,16691,69386,A
E2030,130307,13503,143810,E
E2031,45019,5843,50862,A
E2032,49681,10915,60596,A
E2033,59163,11999,71162,A
E2034,53588,13162,66750,A
E2035,143615,9601,153216,E
E2036,101403,19103,120506,D
E2037,69190,5055,74245,B
E2038,143272,16071,159343,E
E2039,143636,18605,162241,E
E2040,58537,10561,69098,A
E2041,132911,16931,149842,E
E2042,60716,5236,65952,B
E2043,49267,16359,65626,A
E2044,125931,9644,135575,E
E2045,53926,17983,71909,A
E2046,147186,9131,156317,E
E2047,126781,15687,142468,E
E2048,59195,6922,66117,A
E2049,43070,8890,51960,A
E2050,47183,17099,64282,A
E2051,82246,10906,93152,C
E2052,42166,7903,50069,A
E2053,92833,11072,103905,C
E2054,82224,8361,90585,C
E2055,114202,12788,126990,D
E2056,102239,13858,116097,D
E2057,40430,19494,59924,A
E2058,102607,17341,119948,D
E2059,51583,12392,63975,A
E2060,96616,9977,106593,C
E2061,111495,12371,123866,D
E2062,65312,11533,76845,B
E2063,102800,5916,108716,D
E2064,43686,15229,58915,A
E2065,90131,13584,103715,C
E2066,101426,13216,114642,D
E2067,119502,14978,134480,D
E2068,49852,19082,68934,A
E2069,76391,12600,88991,B
E2070,87130,15581,102711,C
E2071,127920,16708,144628,E
E2072,78069,10303,88372,B
E2073,54164,13539,67703,A
E2074,79655,19076,98731,B
E2075,42490,7535,50025,A
E2076,93830,8600,102430,C
E2077,118222,12304,130526,D
E2078,83610,7963,91573,C
E2079,55619,15020,70639,A
E2080,57931,17694,75625,A
E2081,114143,14558,128701,D
E2082,40337,18033,58370,A
E2083,65262,6813,72075,B
E2084,58079,14991,73070,A
E2085,78622,15804,94426,B
E2086,114724,5978,120702,D
E2087,132513,13620,146133,E
E2088,65309,12983,78292,B
E2089,76583,17425,94008,B
E2090,89445,19976,109421,C
E2091,103451,15564,119015,D
E2092,117492,11035,128527,D
E2093,134801,19174,153975,E
E2094,76588,6575,83163,B
E2095,47660,15019,62679,A
E2096,43200,15821,59021,A
E2097,46308,19749,66057,A
E2098,105374,16489,121863,D
E2099,45863,16148,62011,A
E2100,82285,16060,98345,C
E2101,59022,8123,67145,A
E2102,125449,7013,132462,E
E2103,44260,19196,63456,A
E2104,111190,14847,126037,D
E2105,47239,17795,65034,A
E2106,99996,14217,114213,C
E2107,114521,16579,131100,D
E2108,44987,19984,64971,A
E2109,88468,7729,96197,C
E2110,89319,10194,99513,C
E2111,52268,18316,70584,A
E2112,59343,8159,67502,A
E2113,85202,10936,96138,C
E2114,47238,11624,58862,A
E2115,44308,11946,56254,A
E2116,139592,5293,144885,E
E2117,121323,11644,132967,E
E2118,101946,15663,117609,D
E2119,109324,9266,118590,D
E2120,98712,16468,115180,C
E2121,79315,13561,92876,B
E2122,96327,7920,104247,C
E2123,141263,7943,149206,E
E2124,54669,9134,63803,A
E2125,104177,16809,120986,D
E2126,50619,10080,60699,A
E2127,43513,15701,59214,A
E2128,100250,15736,115986,D
E2129,146253,17728,163981,E
E2130,143764,13272,157036,E
E2131,41419,14522,55941,A
E2132,122557,14988,137545,E
E2133,118200,12118,130318,D
E2134,149166,16547,165713,E
E2135,111449,18321,129770,D
E2136,69932,7029,76961,B
E2137,117702,6349,124051,D
E2138,92695,15881,108576,C
E2139,141513,13868,155381,E
E2140,143689,11247,154936,E
E2141,137108,7419,144527,E
E2142,59667,12499,72166,A
E2143,144677,13130,157807,E
E2144,85508,6233,91741,C
E2145,112256,18529,130785,D
E2146,53810,8302,62112,A
E2147,48790,19578,68368,A
E2148,53603,15144,68747,A
E2149,129037,17250,146287,E
E2150,95873,7184,103057,C
E2151,59669,12740,72409,A
E2152,56018,18403,74421,A
E2153,74257,7862,82119,B
E2154,103304,12370,115674,D
E2155,57312,9747,67059,A
E2156,59368,19495,78863,A
E2157,62897,7191,70088,B
E2158,65017,19898,84915,B
E2159,85631,12984,98615,C
E2160,86240,14466,100706,C
E2161,109024,9363,118387,D
E2162,125543,18202,143745,E
E2163,81964,17599,99563,C
E2164,117298,17668,134966,D
E2165,46671,10688,57359,A
E2166,67076,18576,85652,B
E2167,110901,15852,126753,D
E2168,98676,12595,111271,C
E2169,71926,7309,79235,B
E2170,109592,14798,124390,D
E2171,82588,10480,93068,C
E2172,104161,14282,118443,D
E2173,94298,12429,106727,C
E2174,81391,19020,100411,C
E2175,104191,11656,115847,D
E2176,70967,18265,89232,B
E2177,56542,17425,73967,A
E2178,94259,9621,103880,C
E2179,126926,13827,140753,E
E2180,148375,15193,163568,E
E2181,56159,10776,66935,A
E2182,95022,11368,106390,C
E2183,43500,8596,52096,A
E2184,100130,5683,105813,D
E2185,107367,7379,114746,D
E2186,118416,7224,125640,D
E2187,140031,8287,148318,E
E2188,142905,15768,158673,E
E2189,118694,13329,132023,D
E2190,91320,7042,98362,C
E2191,53264,7097,60361,A
E2192,65143,11237,76380,B
E2193,120146,11497,131643,E
E2194,118620,15022,133642,D
E2195,128930,15035,143965,E
E2196,78668,11568,90236,B
E2197,49951,16546,66497,A
E2198,78038,7240,85278,B
E2199,85222,12422,97644,C
E2200,57328,15501,72829,A
E2201,113588,8046,121634,D
E2202,93097,9253,102350,C
E2203,99364,6237,105601,C
E2204,45492,17974,63466,A
E2205,109843,5133,114976,D
E2206,141035,11349,152384,E
E2207,145848,15712,161560,E
E2208,116854,11473,128327,D
E2209,62404,9538,71942,B
E2210,77778,9411,87189,B
E2211,91730,11864,103594,C
E2212,145039,17606,162645,E
E2213,109852,12118,121970,D
E2214,77473,9872,87345,B
E2215,74813,7204,82017,B
E2216,95278,6899,102177,C
E2217,123834,12616,136450,E
E2218,51247,9244,60491,A
E2219,72374,9681,82055,B
E2220,71377,8554,79931,B
E2221,104397,18494,122891,D
E2222,44008,9201,53209,A
E2223,61689,12711,74400,B
E2224,108781,11478,120259,D
E2225,77921,15284,93205,B
E2226,141570,8321,149891,E
E2227,110400,13189,123589,D
E2228,70167,18161,88328,B
E2229,63613,10942,74555,B
E2230,124286,17386,141672,E
E2231,55087,12691,67778,A
E2232,118599,7484,126083,D
E2233,43638,18155,61793,A
E2234,57502,9085,66587,A
E2235,51559,13015,64574,A
E2236,79583,16540,96123,B
E2237,131509,7198,138707,E
E2238,103456,11497,114953,D
E2239,94616,18424,113040,C
E2240,125341,13872,139213,E
E2241,117696,6792,124488,D
E2242,94506,18567,113073,C
E2243,120493,15526,136019,E
E2244,110414,14537,124951,D
E2245,79643,9609,89252,B
E2246,43225,9631,52856,A
E2247,77998,6262,84260,B
E2248,53028,11404,64432,A
E2249,58555,13466,72021,A
E2250,49262,8246,57508,A
E2251,67503,14993,82496,B
E2252,59892,13075,72967,A
E2253,110184,17886,128070,D
E2254,122602,14072,136674,E
E2255,50129,8163,58292,A
E2256,106795,11874,118669,D
E2257,125616,19906,145522,E
E2258,114124,6606,120730,D
E2259,55435,15348,70783,A
E2260,126102,12111,138213,E
E2261,88289,15034,103323,C
E2262,84792,17852,102644,C
E2263,51793,9587,61380,A
E2264,67000,12035,79035,B
E2265,78986,16465,95451,B
E2266,133770,12519,146289,E
E2267,99202,12866,112068,C
E2268,99589,8216,107805,C
E2269,51798,18210,70008,A
E2270,128535,12701,141236,E
E2271,119181,17615,136796,D
E2272,89010,9841,98851,C
E2273,60132,16295,76427,B
E2274,58769,7583,66352,A
E2275,109413,10485,119898,D
E2276,87794,19607,107401,C
E2277,132857,16536,149393,E
E2278,53842,5712,59554,A
E2279,54728,5210,59938,A
E2280,103777,6014,109791,D
E2281,62945,10928,73873,B
E2282,88863,9553,98416,C
E2283,89339,15183,104522,C
E2284,127445,16553,143998,E
E2285,128483,15408,143891,E
E2286,96802,6530,103332,C
E2287,111451,5514,116965,D
E2288,53840,18108,71948,A
E2289,136678,11950,148628,E
E2290,82274,8410,90684,C
E2291,115512,10785,126297,D
E2292,63955,11674,75629,B
E2293,54263,8391,62654,A
E2294,76673,15191,91864,B
E2295,78544,17746,96290,B
E2296,75442,13155,88597,B
E2297,119706,15354,135060,D
E2298,101167,14642,115809,D
E2299,66802,6929,73731,B
E2300,149210,19209,168419,E
E2301,51750,15967,67717,A
E2302,48752,12645,61397,A
E2303,102245,18221,120466,D
E2304,91171,11150,102321,C
E2305,66706,11792,78498,B
E2306,84764,6804,91568,C
E2307,82247,18386,100633,C
E2308,96969,16954,113923,C
E2309,126392,12819,139211,E
E2310,72701,13930,86631,B
E2311,113118,15618,128736,D
E2312,82809,8748,91557,C
E2313,99170,18946,118116,C
E2314,106952,10786,117738,D
E2315,72563,14275,86838,B
E2316,126367,5391,131758,E
E2317,60358,15548,75906,B
E2318,138184,13375,151559,E
E2319,119538,11210,130748,D
E2320,95973,13099,109072,C
E2321,100512,12797,113309,D
E2322,97475,18768,116243,C
E2323,61586,12552,74138,B
E2324,84912,15909,100821,C
E2325,68999,10003,79002,B
E2326,49636,14379,64015,A
E2327,55723,18187,73910,A
E2328,143129,6828,149957,E
E2329,72430,9592,82022,B
E2330,139871,11355,151226,E
E2331,83130,8055,91185,C
E2332,119131,7407,126538,D
E2333,93195,14352,107547,C
E2334,86581,11304,97885,C
E2335,111570,11726,123296,D
E2336,102706,17592,120298,D
E2337,55486,13003,68489,A
E2338,70029,6211,76240,B
E2339,68593,6678,75271,B
E2340,51780,5832,57612,A
E2341,96895,10295,107190,C
E2342,61481,10513,71994,B
E2343,101300,18626,119926,D
E2344,106358,9080,115438,D
E2345,94183,8784,102967,C
E2346,59461,15562,75023,A
E2347,63173,11950,75123,B
E2348,114554,17687,132241,D
E2349,48043,19385,67428,A
E2350,72775,19002,91777,B
E2351,52486,6072,58558,A
E2352,144819,11919,156738,E
E2353,136805,17751,154556,E
E2354,76711,15203,91914,B
E2355,131429,13352,144781,E
E2356,66984,18320,85304,B
E2357,64669,13056,77725,B
E2358,52987,12914,65901,A
E2359,90224,17701,107925,C
E2360,93229,7938,101167,C
E2361,76959,11696,88655,B
E2362,59673,12106,71779,A
E2363,94543,7248,101791,C
E2364,68970,12781,81751,B
E2365,114350,5151,119501,D
E2366,81429,14239,95668,C
E2367,88120,8186,96306,C
E2368,107385,9050,116435,D
E2369,68327,18088,86415,B
E2370,141156,16313,157469,E
E2371,57946,5299,63245,A
E2372,45421,12893,58314,A
E2373,111919,8878,120797,D
E2374,87018,6185,93203,C
E2375,72929,10233,83162,B
E2376,53508,10990,64498,A
E2377,108185,18360,126545,D
E2378,53692,17710,71402,A
E2379,107397,5869,113266,D
E2380,55921,10972,66893,A
E2381,89076,13804,102880,C
E2382,134656,7455,142111,E
E2383,63151,10549,73700,B
E2384,66083,5307,71390,B
E2385,98753,13532,112285,C
E2386,48011,8308,56319,A
E2387,85111,15707,100818,C
E2388,138207,9059,147266,E
E2389,51750,5648,57398,A
E2390,112470,6628,119098,D
E2391,72878,6742,79620,B
E2392,149276,8254,157530,E
E2393,82061,17703,99764,C
E2394,53233,15973,69206,A
E2395,55669,11763,67432,A
E2396,40652,15993,56645,A
E2397,89293,10716,100009,C
E2398,121395,15482,136877,E
E2399,111141,8258,119399,D
E2400,97437,11522,108959,C
E2401,114885,12366,127251,D
E2402,97702,11192,108894,C
E2403,45553,17548,63101,A
E2404,92151,7043,99194,C
E2405,90494,6313,96807,C
E2406,114356,8977,123333,D
E2407,143484,14743,158227,E
E2408,48579,18582,67161,A
E2409,117463,8808,126271,D
E2410,125330,13064,138394,E
E2411,58296,5631,63927,A
E2412,42803,13533,56336,A
E2413,95669,16582,112251,C
E2414,146196,14750,160946,E
E2415,74708,7420,82128,B
E2416,41248,17002,58250,A
E2417,68129,7152,75281,B
E2418,107226,12759,119985,D
E2419,42508,15872,58380,A
E2420,100353,17399,117752,D
E2421,141821,15667,157488,E
E2422,52286,9599,61885,A
E2423,72459,18127,90586,B
E2424,104420,13772,118192,D
E2425,52762,13963,66725,A
E2426,40950,16183,57133,A
E2427,109580,13300,122880,D
E2428,95489,18295,113784,C
E2429,84290,7814,92104,C
E2430,50391,9939,60330,A
E2431,144262,7949,152211,E
E2432,94479,8361,102840,C
E2433,133979,7664,141643,E
E2434,74206,16946,91152,B
E2435,136235,7639,143874,E
E2436,71924,9974,81898,B
E2437,67617,6748,74365,B
E2438,124052,7119,131171,E
E2439,148882,11346,160228,E
E2440,85198,16712,101910,C
E2441,94401,7490,101891,C
E2442,72281,8868,81149,B
E2443,60038,14108,74146,B
E2444,109238,12333,121571,D
E2445,136351,9903,146254,E
E2446,69486,10031,79517,B
E2447,41048,8293,49341,A
E2448,71161,6593,77754,B
E2449,97009,10239,107248,C
E2450,112787,12536,125323,D
E2451,98297,8105,106402,C
E2452,74592,14386,88978,B
E2453,50100,13994,64094,A
E2454,99674,14710,114384,C
E2455,131116,12710,143826,E
E2456,45451,15260,60711,A
E2457,133962,13259,147221,E
E2458,118535,17404,135939,D
E2459,79900,14153,94053,B
E2460,93463,10601,104064,C
E2461,94895,19086,113981,C
E2462,143326,18463,161789,E
E2463,105750,12182,117932,D
E2464,143579,10418,153997,E
E2465,72539,11187,83726,B
E2466,57415,11702,69117,A
E2467,97581,8388,105969,C
E2468,77214,15449,92663,B
E2469,92851,6864,99715,C
E2470,105092,16152,121244,D
E2471,70464,7902,78366,B
E2472,69042,10087,79129,B
E2473,129175,5088,134263,E
E2474,117065,19103,136168,D
E2475,59267,16925,76192,A
E2476,85942,7518,93460,C
E2477,44524,13274,57798,A
E2478,142883,12491,155374,E
E2479,85141,6532,91673,C
E2480,60914,6587,67501,B
E2481,46626,9583,56209,A
E2482,144168,9288,153456,E
E2483,40970,16152,57122,A
E2484,96332,14600,110932,C
E2485,51283,5504,56787,A
E2486,147531,14863,162394,E
E2487,75244,6024,81268,B
E2488,81067,6765,87832,C
E2489,97155,12638,109793,C
E2490,86080,18800,104880,C
E2491,98629,16865,115494,C
E2492,69246,12952,82198,B
E2493,62112,14905,77017,B
E2494,46919,7932,54851,A
E2495,85368,19294,104662,C
E2496,84814,15295,100109,C
E2497,105398,16842,122240,D
E2498,60334,13532,73866,B
E2499,68032,17572,85604,B
